10
10 5
0 0 0 0 1 5 0 0 0 1
775997481 555413923 263046937 238499594 241026474
20 50
0 0 19 0 0 0 4 26 0 0 0 24 0 46 45 4 0 0 0 48
119971073 442896651 306952951 640605454 882962522 217879336 663199358 118507211 330839463 288449664 80510775 122764588 153029645 149434463 670736123 573948864 458449140 394816590 709600151 582711688 615531883 414392262 533305567 774332133 573863918 698622217 702966651 250469252 728995723 119295267 486305764 80361458 112196793 889288114 627112420 371002088 448288911 267021693 496891368 834464430 644907770 467598611 97788366 927323224 580342182 469123210 713011617 468833044 741800415 615079020
50 30
0 23 0 1 0 0 0 30 6 0 0 0 0 0 0 0 0 0 21 0 0 0 2 0 10 9 0 0 0 0 0 19 0 27 29 0 6 0 20 0 0 0 0 0 0 0 0 27 0 0
967898028 877965008 139646083 492753311 737352294 101614408 303806127 341753769 123085589 760041521 479772119 438539713 764838956 270391428 399546191 368150848 865904318 624422992 976598847 657415326 848907870 840153631 831175807 999214376 788904837 996145019 796040486 903694817 418602489 876257674
100 1
0 1 1 1 0 0 0 0 1 0 0 0 0 0 0 0 0 0 0 0 0 0 0 0 0 0 0 0 0 1 1 0 1 1 0 0 0 0 0 0 0 1 0 0 1 0 0 0 0 1 0 0 1 0 0 0 0 0 0 1 1 0 1 0 1 0 0 1 0 1 1 1 0 1 0 1 1 1 0 0 0 0 0 0 1 0 0 0 0 0 1 1 0 0 0 0 1 0 0 0
326651513
100 50
0 0 0 0 0 43 26 0 0 2 0 0 42 32 0 0 0 0 0 0 0 29 41 0 0 0 0 0 0 0 0 0 19 0 0 0 0 0 22 0 0 0 0 0 0 0 0 0 0 0 26 0 0 0 41 0 0 5 0 0 0 18 0 0 1 0 0 0 18 0 3 32 18 0 0 0 32 0 0 0 0 0 0 0 18 0 22 0 0 0 0 4 44 0 0 0 0 0 0 0
537599338 296334642 842296957 643466830 921430810 948628769 931797805 853237963 910468353 731835059 872126651 524801966 365830608 933793437 928501725 954122419 82468917 480397030 653704223 69016932 762701094 77823000 7245545 806750792 995546563 505738371 815625419 838156085 69038848 459629728 484960196 517111819 875882494 720011855 487384192 610020266 87132114 391305250 81726024 568501817 993920634 576722050 397159217 506800978 690133133 401217622 717320763 815939860 291178229 260073481
100 80
65 0 0 0 0 0 0 0 0 0 0 0 0 0 47 0 0 0 0 0 0 0 0 0 0 0 0 0 36 0 0 0 0 14 0 46 0 0 80 0 0 0 0 0 0 0 67 0 0 0 0 0 0 0 0 0 19 49 0 0 0 23 0 38 0 0 0 0 44 20 0 0 0 0 0 0 0 0 0 0 0 28 0 25 0 0 0 0 0 0 0 0 0 0 0 0 30 0 0 30
2541585 764144873 662375059 445872525 943805279 934502218 990316713 906491760 33392723 716575292 187507534 886396138 309815034 694710417 660320780 474542711 502409843 396350516 960876056 978358654 856079749 829375772 158286186 205704360 232850638 947095939 619932407 1637689 54542688 121177121 98365077 621888676 798272199 932605010 232866898 833584023 637685927 195212920 755723513 451938488 370349221 469697976 433953997 252870481 197886491 961190088 894609430 25867933 809097981 330345736 208834244 106667653 710474123 505393975 610183416 165691585 377168665 242409652 346003909 430410984 518366941 19387112 139524421 505305349 450439151 196452842 570544062 62465966 361291910 650706527 442014064 372011174 480296736 482852797 645277519 893849260 716269687 450375716 579390679 251729849
100 90
24 0 0 0 0 0 0 0 0 0 0 57 0 0 0 66 0 0 0 0 0 0 0 38 0 41 0 0 56 0 0 0 0 0 0 16 0 0 0 0 0 0 0 37 0 0 0 0 76 0 0 0 10 0 75 0 22 0 14 0 0 50 0 0 0 0 0 0 0 0 0 0 0 62 40 0 0 0 0 0 0 0 0 33 0 0 0 0 0 1 69 0 0 38 0 0 0 61 0 0
178664907 488486685 899276942 482672608 356751647 962857315 735287869 587295764 98157790 666375099 664324661 433084165 564248009 772518269 685761963 619841306 780184263 306850970 356681663 780971780 682971319 70308042 367590641 155274121 963406367 655626542 796778619 888121598 425398006 97234570 794946337 969782877 827521442 681312185 839412808 70619338 492666374 625916032 213575953 491772516 943370207 802152732 588377439 166276265 779085431 458298710 900059246 290733073 47011445 805030324 796310800 877310172 869879482 74592852 771842009 834726369 799283766 162040894 495431304 378721792 883984923 823231432 503561183 467233110 96116277 595072702 612022918 346698962 16107649 639708683 784270684 381653929 521042455 408051220 165762299 84970769 39059179 524982651 530712915 887891433 792591430 90043417 605938259 858448627 966279103 844711947 720075032 614952798 125377390 130942972
100 100
0 0 0 0 0 0 0 83 0 0 27 0 59 0 0 84 79 0 10 0 0 0 0 70 0 0 0 0 0 0 0 0 32 0 0 67 28 85 74 0 0 0 98 0 0 0 0 33 63 70 0 0 100 0 0 0 42 45 0 88 0 0 0 0 0 0 0 31 3 49 0 49 0 0 0 0 0 0 63 0 2 0 0 0 63 0 0 0 0 0 0 0 0 0 0 0 0 22 0 0
633289350 845175270 23656350 363244035 755783173 68794442 788672933 713931142 227667062 880261844 127491526 342499802 844939782 920072848 769676612 984671157 357024518 882645681 799352828 233641065 376643069 977114624 477380804 964800704 809778952 975448726 586560454 362129557 776226873 173735321 485194833 928977081 239454251 95273536 150493964 281385173 531920239 822846580 731919911 470425283 55624394 696741207 42332452 181134002 591194612 588184562 859955862 342224829 290306833 656643477 61099913 159102760 271934715 444995516 195808226 26773249 560950486 586641550 317669908 752158266 11372933 960272740 994534187 399408790 412599986 997249676 51554988 449056492 831634616 542323839 187375272 512437550 773014590 929723594 888937867 136240610 253833848 461553877 699871228 904173482 720708738 480129056 40978832 19020714 826773038 287816586 887595203 533257724 401767651 724846985 253733993 900232327 548085495 856946045 644269532 926234270 269853134 243781917 973345844 744972138
100 100
37 79 0 0 0 24 0 63 70 0 100 0 0 0 0 70 0 17 0 0 70 0 0 0 0 0 31 0 0 0 10 26 0 0 0 0 0 0 50 0 0 0 0 0 73 57 0 25 0 0 42 57 51 0 0 0 0 49 0 77 47 0 0 0 97 0 0 0 0 0 95 74 0 0 0 0 0 0 0 0 74 0 0 0 0 0 0 0 78 0 0 0 10 61 0 0 0 0 0 0
797535344 555119112 527972965 114629137 807608173 836990172 680905613 862490190 571834871 101753529 781506290 355890791 948186428 650589892 722525874 731550396 700917903 216413358 320411967 538645359 444671852 825541412 176221125 377921810 396394360 914435811 284263653 40113028 807547912 200372724 49925999 603274399 656320756 144104828 88946463 949685255 955601912 794590073 702367654 482676990 895619914 913303665 35306390 553968660 527763314 637257467 393930824 881673208 682199658 306073005 106388542 796635947 745076236 19491424 86822636 221846177 187788320 858687089 937832846 802202215 21697231 130564781 878720255 691349841 471001845 225215293 566211688 944490860 869535397 568319929 577039153 78067952 207057380 874818538 411698565 487099272 800007686 198522783 28023107 349467018 270473547 486664758 521378979 515122132 784178010 724995259 594788875 686581406 504695171 418485840 526675261 920618336 755926974 290837793 541321635 258978265 63051317 731937117 139784650 351020898
100 100
0 0 0 0 3 0 0 0 0 0 0 0 0 0 76 0 0 54 0 55 0 0 0 99 0 0 75 99 0 0 2 0 0 0 0 0 0 0 7 0 0 0 0 39 0 63 0 0 14 0 0 5 0 0 0 0 0 38 16 0 0 0 0 0 52 0 63 0 24 0 0 0 0 0 0 0 41 0 0 27 11 94 47 45 0 0 4 0 0 0 0 0 0 0 0 99 17 0 0 0
618716319 488455659 391170066 725730232 122730854 486917836 751241366 500177334 993067727 39439104 129941128 717909326 838127684 860852423 12669936 713892452 284198977 416627606 202569343 503991663 250460298 378050235 621970872 587382158 972747512 427150716 624377494 374888131 624431919 234152797 499184998 707627897 679152807 624651738 315162269 427976199 807944455 150015030 400234702 242403600 376126076 445886021 485414657 308569662 354706999 391117101 457952988 97585820 655865328 834752882 132862074 775259706 678248024 435786536 464205381 392170818 633341626 259010899 313719012 468867169 820433211 982361544 282338491 706382076 66404118 130708639 289435310 119578184 815434145 332108284 497616441 747822809 928162852 596588318 959837286 290993998 37909491 384970156 765686538 112943669 321389352 226349650 472927367 380874130 513902650 877186376 631019728 950967616 75290239 135996840 415844263 443934841 553019559 508416638 298971717 88236265 283486883 403879736 209391858 874624195
